3,2
3,1
3,3
10,301
10,105
10,241
10,235
10,209
10,221
10,225
10,1
10,93
11,25
11,7
11,15
11,17
11,1
11,5
11,2
11,3
8,6
8,7
8,4
8,2
8,3
12,2
12,1
12,3
20,2
20,1
20,3
19,2
19,1
19,3
30,3
30,2
30,1
30,0
29,5
29,4
29,3
29,2
29,1
29,0
28,4
28,3
28,2
28,1
28,0
27,3
27,2
27,1
27,0
25,4
25,3
25,2
25,1
25,0
24,3
24,2
24,1
24,0
10,3
10,2
10,0
9,7
9,6
9,5
9,4
9,3
9,2
9,1
9,0
8,18
8,17
8,16
8,15
8,14
8,13
8,12
8,11
8,10
8,9
8,8
8,1
0,511
0,510
0,509
0,508
0,507
0,506
0,505
0,504
0,503
0,502
0,501
0,500
0,499
